492 242
75 419
90 28
209 228
115 154
326 138
68 275
340 1
33 145
231 3
343 99
475 90
337 105
431 35
486 202
414 22
50 486
68 306
48 391
144 388
161 463
183 167
143 36
212 468
109 219
55 409
288 423
103 169
400 176
409 128
199 400
401 377
18 357
350 331
105 247
300 102
310 228
151 82
123 392
252 305
187 434
307 28
392 18
363 220
62 235
219 178
412 133
394 338
387 445
488 419
406 410
322 488
378 208
26 205
224 118
30 90
288 240
315 456
372 399
244 357
455 1
148 390
51 408
216 292
87 380
221 162
295 153
407 115
423 234
339 349
87 35
350 82
430 329
44 308
28 210
144 411
25 139
425 266
378 60
238 306
454 67
85 258
284 411
207 417
366 277
462 103
54 56
17 150
316 452
489 186
315 275
230 353
44 407
124 363
168 486
422 70
98 74
337 121
320 389
285 360
448 371
384 404
26 484
246 272
365 88
429 455
79 285
152 275
8 445
387 91
257 261
132 182
472 359
200 155
395 27
444 48
466 47
238 81
319 71
332 324
272 441
114 314
52 461
28 100
405 21
99 108
211 257
400 329
454 217
65 168
444 348
323 57
324 396
336 139
274 144
422 221
409 458
88 146
333 295
467 183
487 291
427 201
310 73
325 348
211 433
122 176
14 368
362 484
43 134
338 193
137 432
206 316
237 317
168 162
367 486
480 166
141 371
361 125
460 161
102 88
464 77
468 403
464 416
453 229
7 111
166 35
174 47
241 172
232 330
360 464
19 349
147 334
302 66
157 365
474 414
38 354
274 377
31 180
43 262
428 416
23 152
186 394
191 96
102 136
469 488
342 205
468 245
485 154
353 336
425 305
456 258
316 34
450 455
427 56
171 118
359 326
216 154
19 229
364 27
282 42
390 421
452 56
213 31
99 189
15 364
464 37
18 463
116 297
209 49
382 26
254 210
400 422
452 482
422 187
258 443
438 179
238 363
467 422
398 456
175 178
441 485
175 322
110 100
92 345
141 241
332 277
268 491
403 27
287 48
192 168
162 72
309 356
443 423
297 194
42 7
148 417
227 230
49 212
372 210
378 169
24 454
386 215
88 477